SA-(1+2log(n))-EA_F=1.15_s=0.25_tries=500_nStart=20_nEnd=420_stepSize=20.txt
SDBV
average generations:
22.838, 55.988, 87.19, 128.618, 165.744, 211.084, 252.41, 305.178, 342.466, 391.216, 436.488, 488.498, 541.196, 589.356, 625.588, 672.872, 742.936, 792.052, 836.666, 898.74, 934.76
average total children: 
296.172, 955.15, 1766.61, 2771.64, 3813.68, 5059.84, 6337.51, 7980.82, 9177.96, 10659.3, 12582.7, 14165.7, 16092.8, 18119.6, 19455.5, 21398.4, 23696.1, 25626.1, 28132.9, 30617.5, 32214.6


ADBV
average generations:
22.858, 54.614, 93.38, 130.694, 170.96, 212.458, 261.514, 308.286, 348.632, 402.008, 438.11, 496.978, 535.306, 586.232, 641.678, 688.916, 742.232, 772.7, 829.206, 904.782, 943.492
average total children: 
295.972, 948.838, 1852.41, 2754.91, 3928.3, 5082.05, 6559.43, 7873.75, 9271.48, 11079.1, 12490, 14658, 15979.1, 17756.2, 20186.9, 21867.5, 24300.1, 25332.1, 27632, 30869.3, 32549.1


FDBV
average generations:
9.866, 19.97, 30.454, 40.842, 51.514, 61.556, 72.47, 82.978, 93.304, 104.146, 114.852, 125.972, 135.996, 146.572, 157.618, 168.028, 179.378, 189.44, 200.27, 210.94, 221.476
average total children: 
351.658, 997.19, 1690.51, 2475.12, 3389.8, 4287.1, 5061.24, 6018.87, 7097.5, 8068.3, 8964.96, 9800.45, 10785.3, 11647.9, 12814.2, 13998.5, 14564.7, 15648.8, 16815.7, 18130.6, 19528.7


DBV
average generations:
15.014, 33.848, 52.488, 72.656, 93.304, 114.524, 134.902, 156.08, 175.14, 198.606, 218.176, 242.37, 262.438, 282.83, 306.174, 323.924, 347.302, 367.636, 390.164, 409.976, 433.036
average total children: 
318.652, 933.124, 1680.47, 2598.84, 3389.78, 4290.86, 5237.11, 6399.57, 7297.22, 8532.68, 9422.07, 10478.4, 11852.7, 13011.7, 13885.4, 15388.7, 16204.2, 17365.4, 18532.7, 19906.7, 21313.2


NLF
average generations:
10.982, 22.06, 33.336, 45.176, 56.206, 67.778, 79.616, 91.708, 105.59, 116.804, 129.462, 141.9, 154.144, 165.63, 179.414, 192.18, 205.2, 216.462, 229.848, 244.184, 256.188
average total children: 
270.516, 808.934, 1410.53, 2025.5, 2746.01, 3438.1, 4186.67, 5048.04, 5638.25, 6419.04, 7553.75, 7975.51, 9098.15, 9804.98, 10759.7, 11567.4, 12634, 13422.7, 14226.5, 14961.7, 15766


OM
average generations:
8.784, 16.984, 25.066, 33.714, 41.32, 49.564, 58.324, 66.586, 76.042, 84.43, 93.252, 102.316, 111.602, 120.806, 129.868, 138.772, 149.062, 157.164, 166.868, 176.816, 185.656
average total children: 
333.332, 907.006, 1570.69, 2308.99, 3072.78, 3984.48, 4663.84, 5600.4, 6624.46, 7512.94, 8547.1, 9429.08, 10252.3, 11427.8, 12180.9, 13129.6, 14030.6, 15599.3, 15631.6, 17151.1, 18071.7


