(1+1)-EA_tries=500_nStart=20_nEnd=420_stepSize=20.txt
SDBV
average generations:
182.492, 571.36, 1025, 1654.07, 2231.62, 3008.19, 3607.61, 4714.97, 5545.88, 6595.62, 7503.44, 8474.56, 9763.1, 10772.4, 12626.1, 13386.8, 15030.2, 15535.4, 17184.4, 18410.6, 19635.2
average total children: 
182.492, 571.36, 1025, 1654.07, 2231.62, 3008.19, 3607.61, 4714.97, 5545.88, 6595.62, 7503.44, 8474.56, 9763.1, 10772.4, 12626.1, 13386.8, 15030.2, 15535.4, 17184.4, 18410.6, 19635.2


ADBV
average generations:
190.488, 574.914, 1020.97, 1635.41, 2259.41, 2992.29, 3769.29, 4751.36, 5405.42, 6628.4, 7462.18, 8514.56, 9602.16, 11336.1, 12061.4, 13234.1, 14602.1, 15275, 17150.6, 18636.5, 19646.8
average total children: 
190.488, 574.914, 1020.97, 1635.41, 2259.41, 2992.29, 3769.29, 4751.36, 5405.42, 6628.4, 7462.18, 8514.56, 9602.16, 11336.1, 12061.4, 13234.1, 14602.1, 15275, 17150.6, 18636.5, 19646.8


FDBV
average generations:
134.54, 339.76, 592.374, 834.376, 1088.55, 1376.95, 1715.7, 1951.37, 2256.64, 2611.38, 2907.02, 3189.11, 3452.79, 3934.5, 4240.3, 4500.78, 4813.56, 5210.77, 5526.67, 5822.94, 6261.6
average total children: 
134.54, 339.76, 592.374, 834.376, 1088.55, 1376.95, 1715.7, 1951.37, 2256.64, 2611.38, 2907.02, 3189.11, 3452.79, 3934.5, 4240.3, 4500.78, 4813.56, 5210.77, 5526.67, 5822.94, 6261.6


DBV
average generations:
145.994, 390.374, 677.01, 938.49, 1286.53, 1591.46, 1933.78, 2297.74, 2680.63, 3022.12, 3399.96, 3833.22, 4121.22, 4648.39, 5000.98, 5467.4, 5916.76, 6196.9, 6567.4, 7047.09, 7419.05
average total children: 
145.994, 390.374, 677.01, 938.49, 1286.53, 1591.46, 1933.78, 2297.74, 2680.63, 3022.12, 3399.96, 3833.22, 4121.22, 4648.39, 5000.98, 5467.4, 5916.76, 6196.9, 6567.4, 7047.09, 7419.05


NLF
average generations:
136.476, 349.172, 585.97, 838.698, 1150.02, 1413.38, 1710.27, 2018.34, 2369.04, 2660.87, 2991.32, 3327.13, 3649.78, 3993.15, 4394.4, 4710.71, 5073.13, 5372.5, 5786.66, 6078.87, 6483.09
average total children: 
136.476, 349.172, 585.97, 838.698, 1150.02, 1413.38, 1710.27, 2018.34, 2369.04, 2660.87, 2991.32, 3327.13, 3649.78, 3993.15, 4394.4, 4710.71, 5073.13, 5372.5, 5786.66, 6078.87, 6483.09


OM
average generations:
134.636, 325.53, 578.78, 823.272, 1077.05, 1309.05, 1622.28, 1900, 2233.51, 2582.87, 2771.64, 3118.88, 3480.62, 3707.03, 4145.17, 4296.51, 4744.96, 5042.02, 5483.51, 5732.54, 6074.47
average total children: 
134.636, 325.53, 578.78, 823.272, 1077.05, 1309.05, 1622.28, 1900, 2233.51, 2582.87, 2771.64, 3118.88, 3480.62, 3707.03, 4145.17, 4296.51, 4744.96, 5042.02, 5483.51, 5732.54, 6074.47


