PO-EA_tries=500_nStart=20_nEnd=420_stepSize=20.txt
PO-EA
average generations:
204.882, 595.094, 1114.61, 1684.63, 2475.27, 3295.66, 4120.85, 4958.46, 5894.34, 6932.85, 8186.84, 9198.33, 10640.1, 11053.3, 12543.2, 14518.4, 15954.2, 17103.4, 17380.9, 20127.8, 21532.2


PO-EA^- (pessimistic)
average generations:
239.126, 696.09, 1303.14, 2019.69, 2832.87, 3746.94, 4792.48, 5552.29, 6976.03, 7866.96, 9308.07, 10592.9, 11893.2, 13415.3, 14816.1, 16350.9, 18240.2, 19685.3, 20759.4, 23304.7, 24477.8


