SA-(1,2log(n))-EA_F=1.15_s=0.25_tries=500_nStart=20_nEnd=420_stepSize=20.txt
SDBV
average generations:
23.936, 56.008, 92.142, 129.172, 172.678, 213.954, 261.524, 303.54, 347.042, 395.4, 443.344, 494.926, 552.312, 595.004, 644.804, 695.906, 750.16, 795.032, 842.934, 905.182, 952.568
average total children: 
315.22, 960.354, 1856.85, 2696.41, 3955.34, 5025.64, 6539.02, 7833.12, 9263.87, 10762.3, 12568.1, 14223.3, 16286.7, 18169.9, 20037.3, 21811, 24179.5, 25801.3, 27685.9, 30335.2, 32454.5


ADBV
average generations:
23.354, 55.712, 93.906, 131.088, 176.222, 221.116, 260.086, 306.326, 352.014, 397.08, 445.344, 497.918, 544.08, 593.898, 658.562, 701.936, 739.356, 787.606, 858.502, 914.992, 962.17
average total children: 
308.334, 976.722, 1833.43, 2795.06, 3920.04, 5246.44, 6272.8, 7790.8, 9417.03, 10949.3, 12635.2, 14296.6, 16061.1, 17689.6, 20180.5, 21817.4, 23430.5, 25199.7, 28070, 30951.7, 32693.5


FDBV
average generations:
9.912, 20.038, 30.17, 40.894, 51.228, 61.482, 72.252, 82.562, 93.336, 104.774, 114.78, 125.064, 135.776, 146.36, 157.654, 168.752, 179.012, 189.978, 200.63, 211.372, 222.752
average total children: 
344.932, 1007.58, 1796.67, 2547.77, 3354.72, 4147.49, 5205.31, 6061.95, 6836.72, 8080.77, 9004.56, 10110.7, 10900.2, 11968.5, 12826.7, 13792.2, 14464.2, 16123.1, 16608.4, 18214.3, 19452.2


DBV
average generations:
15.042, 34.104, 52.624, 72.762, 94.04, 115.656, 135.58, 157.504, 176.554, 198.758, 219.376, 242.49, 264.94, 285.55, 306.242, 330.684, 348.732, 373.034, 394.544, 416.334, 437.654
average total children: 
331.564, 956.224, 1605.79, 2504.64, 3384.46, 4291.29, 5196.18, 6241.47, 7120.41, 8375, 9211.16, 10489.8, 11779.5, 12870.8, 14035.9, 15117.4, 16401.3, 17479.1, 18760.5, 19995.1, 21056.2


NLF
average generations:
11.384, 22.168, 33.342, 44.504, 56.62, 67.648, 79.854, 92.42, 104.706, 117.564, 129.442, 142.568, 154.3, 168.61, 180.486, 192.168, 206.034, 219.248, 232.172, 243.898, 258.27
average total children: 
286.796, 781.742, 1422.57, 2048.05, 2718.1, 3630.72, 4174.24, 5015.87, 5626.35, 6580.66, 7675.91, 8167.99, 8946.33, 9687.02, 10643.7, 11679.7, 12279.4, 13521.9, 14274.9, 15117.1, 15856.8


OM
average generations:
8.792, 16.888, 25.08, 33.042, 41.568, 49.6, 58.134, 66.612, 75.88, 84.87, 93.95, 102.498, 111.57, 119.988, 128.944, 139.128, 147.876, 157.564, 166.36, 175, 185.892
average total children: 
322.516, 913.564, 1542.69, 2328.06, 3018.36, 3967.7, 4800.56, 5632.55, 6507.08, 7625.3, 8372.54, 9622.07, 10228.2, 11717.7, 12296.8, 13379.2, 14591.3, 15283.2, 16278.9, 17367.9, 18297.9


